2722
2723
2725
2727
2729
2731
2733
2735
2737
2739
2741
2743
2745
2747
2773
2774
2776
2778
2780
2782
2783
2785
2786
2788
2790
2792
2793
2794
2796
2797
2799
3520
3522
3524
3525
3526
3528
3530
3532
3534
3536
3538
3540
3542
3544
3546
3548
3550
3552
3554
3556
3558
3560
3562
3564
3566
3568
3570
3572
3573
3574
3575
3577
3579
3580
7239
7241
7243
7245
7247
7248
7249
7250
7251
7252
7253
7254
7255
7256
7258
7260
7262
7264
7266
7268
7270
7272
10234
10236
10238
10240
10242
10244
10246
10248
10250
10252
12542
12544
12546
12548
12550
12552
12554
12556
12558
12560
12562
12564
12566
12568
12570
12572
12574
12576
12578
12581
12584
12587
12590
19840
19842
19844
19846
19848
19850
19852
19853
19854
19856
19857
19858
19860
19862
19864
19866
19868
19870
19872
19874
19876
19878
19880
19882
19884
19886
19888
19890
19892
19894
19896
19898
19900
19902
19904
19906
19908
19910
21526
21527
23045
23167
23168
23169
23170
23172
23174
23175
23176
23177
23178
23179
23180
23181
24493
25790
25791
25792
26566
28915
28916
28918