2801
2803
2805
2807
2809
2811
2813
2815
2817
2819
2821
2823
2825
2827
2829
2831
2833
2835
2837
2839
2841
2843
2845
2847
2848
2849
2851
2853
2855
2856
2857
2858
3582
3584
3586
3588
3590
3592
3594
3596
3598
3599
3601
3602
3604
3605
3607
3609
3610
3611
3612
3613
3614
3615
3616
3617
3618
7274
7276
7278
7280
7282
7284
7286
7288
7290
7292
7294
7296
7298
7300
7301
7303
7304
7305
7307
7309
7311
7313
7315
7317
10254
10256
10258
10260
10262
10264
10266
10268
10270
10272
10274
10276
10278
12021
12023
12025
12027
12029
12031
12033
12035
12037
12039
12041
12043
12045
12047
12049
12051
12053
12055
12057
12059
12061
12063
12065
12067
12069
12071
19734
19736
19738
19740
19742
19744
19746
19748
19750
19752
19754
19756
19758
19760
19762
19764
19766
19768
19770
19772
19774
19776
19778
19780
23046
23131
23133
23135
23136
23137
23138
23139
23140
23141
23142
23143
25783
25784
28907
28908
28909